Distance Matrix:
178.49903037, 253.74550612, 340.55179049, 318.51917551, 242.73398517, 271.273645, 359.0093749, 206.08867117, 307.45211795, 230.96411233
89.93904661, 108.71322355, 161.64792713, 145.91504679, 99.6229557, 114.93580104, 175.3272074, 94.04980495, 141.08609486, 115.95807794
71.72850523, 69.83503526, 87.20611173, 79.49383553, 68.3103337, 71.54024231, 129.54281694, 67.85984257, 91.17338017, 96.09101364
47.55625378, 50.42506774, 65.87679625, 62.24544775, 50.11489814, 51.17882586, 96.62589486, 47.94800358, 65.73618672, 70.88810714
133.21568193, 164.29746107, 226.90405964, 209.32274985, 143.1187977, 168.27083996, 248.42603608, 133.5978602, 199.04670718, 161.87129059
37.64009226, 44.55464187, 63.52708529, 58.23494886, 39.52487405, 41.1920503, 74.87448097, 35.90790591, 55.47120002, 52.13751042
40.2395235, 30.68686674, 32.02934504, 33.38937322, 36.58397211, 30.9171877, 33.94190543, 35.5833492, 35.29223285, 42.56493956
49.00829231, 59.2188554, 75.96797857, 70.86285154, 53.88881963, 56.57860193, 93.16281436, 46.78346231, 70.92034722, 67.64424806
70.26158788, 86.35631341, 113.27735734, 102.81347314, 80.5802287, 94.53011175, 142.32260861, 69.90022807, 103.88031451, 93.69301001
55.93526064, 67.77317636, 101.77690005, 90.87874262, 61.63229534, 70.68662948, 117.67825039, 59.9307009, 84.41288178, 75.33501718
27.21750703, 13.68891097, 14.11282236, 15.89884188, 17.61886954, 11.57949467, 7.26427815, 25.49271991, 7.1569451, 18.29480312
13.10714414, 7.046618, 11.40116049, 8.98808836, 9.16207768, 6.8929727, 9.40458867, 15.7415109, 5.51560936, 12.61492003
28.04261189, 10.53410847, 5.76686953, 7.73555765, 16.17828482, 10.05717251, 7.92938753, 24.28133135, 5.39188468, 27.60730721
25.16484579, 9.74798697, 7.80274504, 7.92467803, 14.73891831, 9.77351729, 9.33580861, 21.4951363, 5.35220209, 22.95457545
17.09951975, 5.82647214, 9.22967979, 6.12431601, 8.32959379, 7.25559597, 10.98645928, 14.21567122, 4.80724378, 16.53037612
15.0024455, 6.66752587, 12.33005686, 9.87630116, 7.13524585, 5.69495547, 10.48418525, 12.82159921, 5.57782209, 12.35552718
37.02853272, 15.79324099, 6.21326629, 8.81601272, 21.1306164, 13.41308222, 5.82651305, 33.71060512, 5.13508764, 32.01358198
27.88935939, 11.96535563, 11.41923622, 12.66605889, 15.89292199, 10.08161318, 6.51420056, 24.2664743, 5.58461999, 18.28157044
35.66073202, 13.44090633, 8.90442684, 11.32723491, 19.65176708, 12.1901222, 6.05307033, 31.94596574, 5.39978377, 27.56945384
30.92759362, 13.11712089, 12.83667006, 14.84000852, 19.27426442, 11.89654744, 7.18619056, 29.6542065, 6.38485652, 20.05867824
17.16892201, 16.48430835, 24.79978138, 22.29904359, 13.70686038, 14.60899582, 22.8698081, 17.93154744, 15.78048804, 18.52375823
15.94768198, 13.2172895, 21.6409647, 19.15724441, 12.83039295, 14.27166946, 24.22527359, 15.60751817, 15.92931847, 18.95151554
26.72473772, 10.99564296, 4.0897673, 4.43709101, 14.41837905, 9.70847395, 7.77045635, 25.76355901, 5.10203918, 28.74639188
17.72267214, 8.15656716, 6.80327736, 5.06881472, 8.2310502, 6.81853755, 10.29748977, 15.42917809, 5.54800088, 19.4217757
16.12567973, 12.77571177, 24.68039853, 20.93267575, 8.36923967, 13.38057407, 30.97658259, 12.47682103, 16.73803321, 21.28345501
17.3200288, 14.67397327, 22.85866342, 21.05567793, 10.40581401, 11.66238482, 24.0501025, 13.29058504, 15.22172863, 19.39014141
15.43108532, 7.61502287, 6.92135906, 6.91601715, 8.15917422, 7.54059791, 9.62469459, 14.31291743, 6.70054974, 18.33653571
24.29812538, 23.29032824, 32.49664105, 30.79196405, 17.81915511, 19.62734656, 34.07718638, 21.98112817, 24.11069866, 31.16856509
16.39123265, 13.89188881, 19.21149293, 17.20818855, 12.22569061, 13.3185834, 20.42444725, 15.83316393, 14.50255939, 19.07585125
17.08862092, 18.95534018, 28.55115254, 24.86922688, 17.48731651, 19.91111523, 26.51285821, 18.86226218, 21.28056546, 20.21086117
17.57269147, 24.68906775, 48.23103432, 42.72076039, 22.16322648, 25.83269027, 31.05815045, 20.66695534, 27.38888816, 17.96180793
19.94132104, 8.73494339, 14.49841852, 12.53842252, 8.39079944, 6.75729342, 13.10616667, 15.87176159, 6.51493177, 16.57276952
43.69134287, 19.06868632, 7.09569175, 12.83060138, 25.91252584, 16.33684438, 4.86008229, 41.35506733, 7.37998676, 38.70557277
35.91100568, 13.89180474, 8.99249419, 11.38623386, 17.72311491, 11.44057879, 6.9535605, 30.6943026, 5.4449807, 27.02042232
27.38466085, 14.27038459, 9.35763092, 10.96778941, 14.84562504, 7.93487027, 8.1341674, 25.94861199, 4.75055242, 22.67880802
30.36355472, 11.62272092, 7.62284787, 9.85927761, 14.09990378, 8.40536064, 7.20055418, 25.99363786, 4.69535526, 24.50814685
56.34849658, 25.09812122, 12.68596319, 19.81543537, 34.64374404, 23.01190122, 5.21633436, 51.80243031, 10.98202644, 46.60266294
36.68306714, 15.57143415, 9.8938386, 13.04101218, 20.24806408, 12.59627088, 6.18992078, 32.8160265, 5.4720686, 28.82168673
36.61742673, 14.39722561, 6.67594978, 9.36884224, 18.72947897, 11.39891516, 6.06162674, 31.30439011, 4.32828505, 29.66639281
39.35178445, 14.94619215, 7.76384839, 10.65170664, 18.97826674, 12.34350813, 5.34618696, 33.85414869, 5.74228759, 30.84000035

Original Accuracy: 0.1750
Improved Accuracy (3 closest matches): 0.3750
